"F_ppm"	"Cl_ppm"	"S_ppm"	"P_ppm"	"Fe_ppm"	"Mn_ppm"	"Mg_ppm"	"Al_ppm"	"Ca_ppm"	"Na_ppm"	"K_ppm"
0.0511541225879886	1.72848412558179	3.6466908493814	0.00731682352328771	0.0436980828205845	0.0252181463339706	0.49189759028462	0.17957957957958	1.71536528412253	1.27387782803342	0.992719205152348
0.0740605392783886	5.02006359273854	3.5820113184349	0.0162579559327345	0.551656296931723	0.0901006953681716	1.13750187891158	0.321802632078991	3.69583249883726	2.39938096555807	1.10513793999393
0.0327249271987496	3.36600089846263	3.57243832045907	0.0152852852852853	0.264019246687571	0.124491811582792	1.12989967847318	0.394206527033838	3.47552791750059	2.73648451584955	0.454384384384384
0.0394706662392764	12.2666521685965	4.95615952696051	0.00751057859521616	0.117841032872849	0.084527733456489	2.01373426654428	0.171394605091383	5.90833597257733	5.95730836790641	0.222107292889727
0.0537764862950309	0.34094432839356	3.60849348887804	0.0141431031372534	0.0210575004789295	0.260029128302034	0.558941090347359	0.361747293016109	1.00382449990138	1.16196518091788	0.838848936926883
0.01207178068702	1.32264565267261	3.82913178281789	0.00719836574589255	0.141960529978321	0.0314703335548226	0.463564274444207	0.0526858553422973	1.41806073207408	1.62553658749292	0.244316787280141
0.0452737640396036	10.6885941427944	4.86744973771435	0.0338020380724398	0.48842823768753	0.0774559123151488	2.21871900661733	0.644558316371935	5.45228466344997	3.32857344519568	0.49726165469953
0.0579587600956435	1.79071598823379	4.14178475902629	0.0402786336955303	1.34776106268908	0.106881260195055	0.771633792132575	1.38879021413827	2.36941153369844	0.260732743571129	0.645011744707054
0.0136757571697789	10.3864290311515	3.98678557169682	0.00644501186619184	0.48263648467586	0.061907848016164	1.74781355223876	0.590776936559369	4.72396206436679	2.49696100211126	0.0252052052052052
0.0747062311063112	0.291887495036557	3.61059103196956	0.0185307694182274	0.215030963173806	0.0136423282534709	0.850954953960125	0.388981186750139	3.46679138299078	0.94762277852148	0.68949033144769
0.0386152407161617	0.611656729580879	4.5746620686124	0.0131381381381381	0.545320661609247	0.0780771373454649	0.228506732511149	0.508377499809323	1.52167439926416	0.449755717235299	0.0246863486794572
0.0399163092688131	20.6180236290427	4.36102344470832	0.00157386951548779	0.342235320146502	0.0545270258756675	2.14836463144697	0.148831519596359	6.1830614907667	4.19833490026395	0.34696253637975
0.0476446928633476	1.30535748000729	3.12367977881733	0.00679286137253685	0.154954954954955	0.0554552759907724	0.530528572133906	0.0542670345919253	2.135416590143	1.24494735271435	0.20953001926494
0.0541276692394758	0.48157897806036	3.2738572340293	0.00594594594594595	0.530341681745615	0.0439039039039039	0.518490388345961	0.189189189189189	1.82524951314554	1.18117033872817	0.497464315958606
0.0546950410469445	13.3341719726197	3.46615821297868	0.0130614495170527	0.157661636541156	0.0511111111111111	1.92013742546358	0.244169520168847	4.74806615617126	3.94680367794533	0.375360312726177
0.0872657442250889	2.03315932950025	2.35217347872051	0.0428500093898358	0.718824169631741	0.0497097097097097	0.416800766862731	0.686103938781388	1.21000098390505	0.578318840298667	0.933630854854088
0.0613321895729382	0.350423923062718	3.83444855268532	0.00774476974477456	0.0524024024024024	0.102762407350255	0.159758620914365	0.191325610520718	0.63864959217608	0.377152374272757	0.146218178410318
0.0398128744790793	5.5065872492058	5.80945010190307	0.00352741981502247	0.417970053073186	0.0264609852951356	1.01978683980418	0.246499224316556	4.13427129620686	2.0980863013023	0.0404104104104104
0.0751895686419746	6.25603937130921	4.57292252611303	0.00699493170343783	0.230989783292302	0.174628078589481	0.829240755113461	0.0039683971737573	1.9752624053508	1.63881289713487	0.5308860648169
0.0743537123214752	0.808159140522954	2.54840396560763	0.0182503946757169	0.2432960052329	0.182347063270855	0.851170106104782	0.415262589510774	1.87822102755308	4.33554241760546	0.27146010886781
0.0177157876578325	0.354721549519203	2.40279785914447	0.0290958122759116	0.717795790388433	0.0248381609786638	0.254159837799086	0.754341645744853	1.44733968097717	1.8741780769664	0.178710485376189
0.0413753460858602	0.19233232116263	4.03829300544083	0.0259046722997225	0.663123258371491	0.0349058713927916	0.867702102725545	0.421812955470153	2.73334531765431	3.35755162658495	0.332362510865831
0.020551106768264	2.35672280209924	4.30878488441946	0.0189120015661688	0.295195759693999	0.0298898898898899	1.01349552317031	0.256026304185257	4.18771398952231	0.910340286482483	0.717380153829343
0.132808371663684	10.4989989307456	3.27180912405805	0.0354104183266279	0.863781874192129	0.118849296874939	1.8207773766558	0.746831567554208	4.42646877840161	4.62492716814882	0.959175403408338
0.0738084964199147	5.77971207436992	5.37564988374394	0.0176587958287499	0.982975133274486	0.152305619920975	1.35288679267591	0.492486984504639	4.11648070672527	2.67359100587603	0.0727827827827828
0.0404423293464864	6.50154768290459	3.02229670026543	0.0139555124065952	0.0750750750750751	0.107361525071927	1.01706493874486	0.237544316283364	3.03062664624304	2.06761716406906	0.276842130280725
0.0319974801802975	2.49019019019019	1.58088184946618	0.0297186311666467	0.524109220603202	0.0575035483212677	0.0256327694952047	0.613645548923512	1.03256195271388	0.96006006006006	0.32475470504602
0.0459632902089848	0.982983157109061	3.67889949746713	0.00557092606993452	0.198960988000455	0.00416666089357534	1.50700002923118	0.218356325075175	4.68899528449401	3.34845906949682	0.295670038363945
0.0592144633991139	2.38473473473473	2.53543357918248	0.0102546215863002	0.180780780780781	0.0750610851159726	0.274047643569496	0.0498869445717657	1.8387202443555	0.402536643235683	0.859236222616225
0.0700608412479345	0.18688677150168	1.58213668600434	0.014009009009009	0.424975637056118	0.0279598261049317	0.206876284006745	0.271134411371264	1.39173796027899	0.317217217217217	0.922448302897472
0.0381379026945321	0.405605605605606	2.77585181146732	0.0165615615615616	0.499536518278323	0.048988988988989	1.01385155470127	0.872984397107291	3.14990867907181	1.18886688121618	0.305863234158749
0.0171860731973321	23.1714727559351	3.73697047637229	0.00959459459459459	0.117417417417417	0.118802971261641	2.21264191081136	0.187229075549053	4.78410176420584	7.32193164198706	0.347658899134435
0.0886952090687649	0.380772523187674	2.49591334304858	0.0232874809620959	0.448977673732638	0.276242216460787	0.422753921888911	0.465623718037893	1.73155695013702	0.388538538538539	0.559617165230422
0.052289056572172	8.28609750540891	3.78041633209791	0.0244713081630574	0.331855879902828	0.0190115651865132	1.8619480674029	0.507738201758186	5.72245252877474	2.64822078526424	0.0898207639326813
0.0649229902273326	0.715252762251471	2.0505442053598	0.0152552552552553	0.0588588588588589	0.0766048505827538	0.505187079107085	0.262379441449283	1.70027086511254	1.14632018729557	0.299657124886743
0.0200274811143266	2.47703423974218	4.97277939640111	0.0200057482944457	0.0929286371365325	0.0425960230270623	1.38597073282514	0.312234976457123	5.17522768815979	2.15992627544029	0.5168636215167
0.070853009433845	4.86463802602407	2.7777566010541	0.024854989978978	0.337293605129863	0.0887487574882974	1.6837828163027	0.594018123006384	5.01850487850606	3.77830163179473	0.650447918954219
0.123100473735525	6.22616161982064	1.81884458350019	0.00169551448189852	0.197447447447447	0.242748094017271	1.45655875475974	0.0571349402908379	5.40325904730707	3.15751802412949	0.768094021738072
0.0742091406683594	0.538038038038038	2.8166053684175	0.0306806860573195	0.24538518662503	0.053033033033033	0.257020411710918	0.66284753083613	1.17810520064086	0.523197151599813	0.445883392581856
0.0817733881196834	20.9772914467018	1.98267941070346	0.0275678333585259	0.384657575484931	0.190588609208161	2.22116247801711	0.454064511838705	6.4276607320644	4.40288046029515	0.748154472649657
0.0609033821294863	0.0318600586398231	1.24445411372032	0.00452185534007209	0.527926083888727	0.0962357689505551	0.00917009816270337	0.307373255062835	1.07716721715406	0.104204204204204	0.301153143453319
0.074160973986438	0.085356453573871	2.4419171146724	0.0292461906158055	0.313019959753338	0.225270218491579	0.143496056793829	0.681337330231078	0.971252315212041	0.690896818846073	0.557117412348225
0.0445097171110389	2.67179101960472	3.79802235619988	0.00642642642642643	0.195471369234516	0.119981484446986	0.860456452208389	0.373196009376635	3.15374819422141	1.1176580168861	0.220926553063418
0.00501915799929029	1.4934591873733	3.91386725491176	0.0209410844817183	0.716594289769026	0.026452599207621	0.579500022868567	0.635192235468289	2.27156011480838	0.864665032807639	0.391730988013222
0.0459195374489172	1.68445202031674	4.2983170324151	0.014921553399839	0.192342342342342	0.0308986158359213	0.415119108048759	0.238642231794708	2.34844840783626	0.518818818818819	0.440982921569767
0.0539880218050872	8.09882033953337	6.55205551145271	0.0135285285285285	0.216134441272349	0.0285285285285285	1.66345042948003	0.233238384912226	4.32390270940959	1.30949360025395	0.406316316316316
0.0346012485082134	0.423666215968954	3.89900875358573	0.00686186186186186	0.0956402307814604	0.0415119877022106	0.119450735076802	0.235935802763684	1.41322586173192	0.59964964964965	0.296161182211535
0.00513181574135003	10.818522105328	4.04437376456563	0.00339997647753796	0.358360176630278	0.0375097126462546	2.1515926338275	0.171411411411411	6.11429232824594	6.22621253363758	0.586908353701551
0.0642451409835212	3.91968269251036	1.91122578912824	0.014470774939741	0.25139376007628	0.11580188500591	0.905916782509002	0.316859238940947	2.36831632768735	2.32539442101495	0.472451067121424
0.05467023763801	1.75690690690691	2.37337810060445	0.0305713319822424	0.623351818603235	0.139754736578307	0.24112813650318	0.760487560287004	1.08333179401234	0.105155155155155	0.656294056427343
0.0927001044667957	8.13522279521693	4.10223339236364	0.0134930665565008	0.655865281688368	0.000837364552543934	1.46274915134037	0.359222177922281	5.04070058139041	2.63803327722445	0.743509022807046
0.0448087656239027	13.1798257937436	5.24675344194672	0.02	0.693318980636342	0.0947960006696669	1.85883156118205	0.559511856148478	4.98872057767585	3.86591085367695	0.285906905293441
0.0183728175376753	1.92612612612613	3.42352976464991	0.0237636797552651	0.42262033281942	0.0416015586524727	0.386305531553974	0.533470174163051	1.6451755608432	0.961697092235886	0.424464464464464
0.0138141810711414	1.17348496239735	2.44050540190374	0.0118168168168168	0.338450610890213	0.0734827812876046	0.558411718383567	0.394117152767071	1.32807985879481	0.33188420935481	0.198670336302821
0.0388053997961912	2.98203591351989	3.23541791975768	0.0298755047230281	0.361421757905209	0.073563690053445	0.774739585746503	0.887259238442262	2.70636266237125	2.04116324275666	0.417546199766073
0.0415957306560958	28.0070760015331	5.23228058368987	0.01503003003003	0.170615678639355	0.163533084567866	2.22914829416465	0.262039790208851	6.32242571143433	4.93117314651771	0.322674601635681
0.0557425530204984	2.37982982982983	2.76728385301509	0.0115452832660324	0.0203337747534265	0.0354954954954955	0.471999363496063	0.182793153339511	2.71095961937681	1.13286363236047	0.451233794410154
0.0641208229385851	19.3833886759392	3.01723912143873	0.0192042042042042	0.339544715743675	0.0871598122889694	1.9597429005269	0.473392539052016	5.73320918576792	4.86389606153228	0.236248068667364
0.0698716321920511	6.25921014849788	4.5442496787746	0.0269742286461149	0.494056317316322	0.138832104492494	1.49619607691678	0.657272448469952	4.65478246938437	2.73754779009743	0.556291045785001
0.0726459485826752	3.49283304279858	3.31378064837957	0.0417496237069277	0.874406719198762	0.328853510317487	1.6754794692708	0.881062372783065	4.14769871812314	0.310992774687126	0.889989798149943
0.0117752726874625	0.832824845676153	3.50637863631789	0.0187277330193807	0.363020304223869	0.032052052052052	0.364730205255015	0.29758549909741	1.70316831720993	0.893705691915768	0.404442561722392
0.0277177177177177	6.68246221780016	3.83782501058629	0.00712223856671195	0.0935435435435436	0.0266165186172718	1.8096850755019	0.0819219219219219	5.39373134635389	3.29693261274753	0.34350591094059
0.0411758747675398	1.82312312312312	3.43601449271158	0.00439335387410593	0.195071220339786	0.099102248680133	0.573842169556677	0.210867397376375	1.78919238038361	1.63696214097191	0.599975273882388
0.0100984661737338	6.17238284628498	3.73273592856291	0.041331802782537	1.12910269315833	0.0251585661536037	1.0231685170686	0.894537771132319	4.17522369232029	2.45656256591177	0.28933157049217
0.023963963963964	0.667509332629913	2.63862448897471	0.0239118676291531	0.336925484662434	0.0489727083344929	0.81416798507118	0.51205099134993	2.92838599486277	1.65814962258245	0.46619535681692
0.0709437658905232	11.6531764044104	3.94216095018964	0.0181381381381381	0.176129391529466	0.0977179778636718	1.45039661500404	0.452430748184367	3.95611668378115	3.03876935752958	0.641936815399759
0.0392656712643315	12.1877960253434	3.4965334159322	0.0026544890680587	0.0820614058593476	0.0815562637382598	1.45323906041803	0.0362932064741551	3.97444268129766	2.79972531905355	0.198348348348348
0.0713055332846945	8.54690529904045	3.28920564955493	0.0517214612555037	0.888611760158467	0.0863471990921961	1.16781786304587	0.975366193303617	3.90089709823951	2.36306262563322	0.511093913660678
0.0367775881856865	16.5936270932105	4.7376136679444	0.0321068182427662	0.326552912762904	0.115787378210746	1.74259178386195	0.272954357239173	4.43619141727686	3.21665519277617	0.317006499444214
0.0552581166010804	0.997972393000406	2.65213691874747	0.00243558567559171	0.129939345529962	0.292663212354883	0.630709279175658	0.137535758093701	2.99727407703176	0.474119097436512	0.396349637785896
0.0327701825760197	1.98253253253253	3.49306824267042	0.0324500822806586	0.225276480648181	0.0555783395150353	0.639862136834273	0.327836950634749	2.10207895049825	0.453022568557946	0.644781101889735
0.0345916001647667	0.707442313613214	2.8133488957481	0.071130754743482	1.36998263307589	0.059595603782882	0.169168500322434	1.51017056268286	1.07883333833888	2.04880097813184	0.780070612355385
0.0753361798865202	10.6566809753973	3.21867011917711	0.0165648067185802	0.611751547816726	0.184659337754221	1.44716778201711	0.668850910830406	4.1127255205065	1.79312284419774	0.314184021929665
0.0749196671502124	4.60749041980909	3.96151259529997	0.024562493032191	0.313454130863356	0.14184650620961	0.939777609155872	0.546021005814667	1.96975576039404	0.208808808808809	0.699218277218825
0.0320519406403951	7.20636764868907	5.12258120552767	0.00611111111111111	0.280714336709114	0.129344540139215	1.77567357260206	0.185430790747323	5.88544826814905	3.01252658310974	0.0372451728365986
0.035421743530435	15.3765593608518	5.31555536910685	0.0211140774048867	0.448637204833358	0.0331731731731732	1.96227187581318	0.262158504427221	6.00462191877887	4.60008463766723	0.145169223168084
0.0214625042482747	0.794755983406747	2.26544450388075	0.0264064580434456	0.557185988816048	0.0545336469747255	0.470549573496794	0.520830714352119	2.15174715407193	0.34337713772745	0.322406693628104
0.0562782821466172	6.80041336182967	3.91191801230942	0.00947447447447447	0.508170314279565	0.257915615118295	1.01110676873183	0.42912265890768	4.01732276007533	2.09929998173345	0.212368731183582
0.0903571970218187	4.84963197683862	3.07693300773758	0.00765765765765766	0.297597581238965	0.305449712392779	0.865959667927302	0.1395731627979	2.61919791856781	1.69307662335199	0.44515506295878
0.0402964194927904	2.22392297329285	3.71914096534906	0.0122416424130802	0.3903888487414	0.0484061181615266	1.17487237155344	0.359177201940037	3.77992396475747	2.03125445482565	0.474081039792226
0.0366622818858401	3.12934187381282	1.34570838570252	0.014024024024024	0.410322846292734	0.0365365365365365	1.03466682866107	0.27000193632266	3.09594939369708	2.54120129713304	0.300030392443412
0.0351393737012951	20.5144107494803	4.85638901803732	0.0191291291291291	0.0666666666666667	0.0346946946946947	1.84602329134326	0.183328846507375	5.39687043614686	3.52750258189429	0.339225995276821
0.0822281537777792	1.53476912729471	1.78068449659837	0.0121600591450559	0.105793268543743	0.191198465064141	0.695437183158289	0.341746742438767	2.1652113571763	0.854504504504505	0.310641978099648
0.0456996663800338	9.42428719667765	4.15428190495575	0.0329163423955518	0.383676931537635	0.0726931612710886	1.26573557734614	0.451267993840469	2.96054172888398	1.71920061576651	0.48480873192162
0.033838363973272	0.162812812812813	3.1852423944262	0.0113063063063063	0.0949462717989214	0.241249693562132	1.33320950355783	0.245698550140847	4.52996390033513	2.37889805612478	0.404988172815625
0.0683961054981845	1.23030540626685	2.23167737907892	0.00973942035834988	0.190213517394212	0.0541841036733647	0.234700455407239	0.0676376792766222	1.70150638977066	0.513113113113113	0.66724809192951
0.0349682292639607	0.847047047047047	2.57313949860052	0.0484391161882474	0.837000259096524	0.164942217172836	0.738725696651461	0.722368493929336	2.94491494866088	2.51885720391325	0.482893775686576
0.0591966431139062	3.36407897890722	3.23346809860397	0.0256272342968227	0.40764780521117	0.104271361999345	0.536942568090768	0.444368632217824	1.97136500617489	2.05966978976604	0.648697252454393
0.0861023616495176	0.440710733428799	2.77012234892617	0.00252438816202664	0.0441355641941706	0.25368476473999	0.167550376330923	0.0297773989065227	1.22644626675174	0.983833833833834	0.342661031028224
0.0621955244757877	0.165265265265265	4.42455002593528	0.0062012012012012	0.0813623283288417	0.127914698386479	0.466923565241528	0.182822822822823	1.58609797526151	0.416268573212856	0.1905005005005
0.0419803199421775	0.605810120692497	4.12824128788885	0.0136065113094557	0.358242587581124	0.101120664987634	0.317439666116858	0.395819606040274	0.967547314241529	0.624390818995505	0.324404404404404
0.0478748739073392	1.00139146810021	4.01475479800146	0.0180737221946236	0.146993168684285	0.0817619792723429	1.67296290609294	0.188612684789071	5.54159625153989	3.52599787688851	0.927943262093909
0.023147204893541	6.059282537313	5.08656398266486	0.0167012401053019	0.0663859246955734	0.0110401179795687	1.13079612301438	0.471088963478386	2.26539524598047	2.47908533903953	0.189106487057883
0.0260826422077652	0.729329329329329	1.89084961158211	0.0150244445326198	0.847994420774568	0.0441041041041041	0.629654752744318	0.540181728189526	2.2850282532163	0.783183183183183	0.590641769738423
0.0299100598141748	15.1927762745342	5.09202228328551	0.0200190813735435	0.0917078392457805	0.0708787418671838	1.97412970551083	0.505012420748192	6.2806237898767	4.4513760599936	0.34935591005406
0.0259459459459459	12.9310898469975	4.79514185790339	0.00974474474474474	0.551506425910154	0.0397729322246622	2.19285357699571	0.559917933185979	5.78939530532807	3.3006745094678	0.17039039039039
0.0396754796299754	1.71031031031031	3.76674839817375	0.0107957957957958	0.064189759484764	0.0497328637435067	0.904210534884839	0.185945945945946	3.45785585651174	6.55734942226275	0.335651236744536
0.0658511699579069	0.356728006496612	3.64861106457746	0.00737601033430365	0.162162162162162	0.160351179502315	0.930309134495218	0.145636867974444	3.46164503972977	1.08350022454501	0.688360043926524
0.0454295401736567	37.5563809038343	4.71385985641305	0.00877198070375564	0.521948123317789	0.119619317069832	2.64472422136234	0.604010000424999	6.27804795838892	4.53090779834411	0.168852577329181
0.0682740463543787	1.21736736736737	0.118333947038329	0.0124474474474474	0.185885885885886	0.118035033323199	0.469273518365521	0.110606633443389	1.37636396149173	0.935335335335335	0.498464205972449
0.0467295269719726	9.06859388615606	5.76301041538312	0.0175445401438547	0.635008340448428	0.12553607846693	2.04574864169907	0.455609330189601	5.68835219740868	3.84270766833517	0.375771840213368
0.0380986793361967	19.3698489056633	6.32987841414122	0.0162162162162162	0.197634044516465	0.0390786860973959	2.25183898870807	0.282999685709811	5.95134625863284	5.09786979531697	0.0763599142128134
0.0274918305787999	8.44439275336655	3.19629736208903	0.0119914287483305	0.119257701059437	0.0226101311165809	1.54853941584577	0.436098299235462	4.70510443486273	3.13300061852724	0.474905165101205
0.0503236635774653	16.532878483217	5.1267332484051	0.0145045045045045	0.24137919569101	0.103472135870268	2.12098472891225	0.2940195529863	6.39659979892895	4.43509371624305	0.0926344503531001
0.0711684717598531	2.00527384935838	5.24055040817941	0.00622306974365454	0.0542042042042042	0.189300542151997	1.34613815158851	0.0819219219219219	4.16498377546668	2.9054619880637	0.345481112930375
0.0685120225542099	3.17868781944641	2.16156655839493	0.0224874391115177	0.215225245113643	0.0352588893607423	0.708820853009338	0.459282684431975	2.78297304920852	1.84225542431355	0.896483743784865
0.0962048633218767	6.10191971262041	2.95105900989211	0.0398930656245071	0.599622838036707	0.0989465332937377	1.21519874937713	0.778987839022426	3.75782459648326	3.02548206470047	0.569893506520189
0.0392528903855363	1.08493493493494	2.4477007683546	0.0100387560553202	0.531123322042887	0.0615096195262779	1.2130261310467	0.29744308497288	3.09014911670238	2.08208228971504	0.774157911213621
0.0697375617960047	5.40861455433422	4.56605933511048	0.0189153453636302	0.305572010807627	0.0857983672020616	1.10225501333004	0.354643658056897	4.14732027938589	1.14524422901317	0.218775087306771
0.0707396414846747	1.28113113113113	0.403303730888616	0.0055501592681831	0.275023562585142	0.0683140005665424	0.254398952746369	0.0801201201201201	0.810392520856112	0.45181095011503	0.298705873716264
0.0647209548928779	11.0303286118653	5.42889042029372	0.0064842810310211	0.306093340258754	0.0847676785780034	1.81138272499679	0.197957957957958	5.10217001708224	1.68518247977554	0.387187187187187
0.0869075299558958	10.477524748721	4.0378662246482	0.00544730810732451	0.11548617584957	0.107057310343974	1.46659885404765	0.176576576576577	4.13009071024135	3.92129321349684	0.127473489368168
0.0795824521463452	10.9875320284826	3.69787435296489	0.0322954774525191	0.588132852138511	0.0845816541855215	1.41377411668126	0.797583882808163	3.6576450089924	2.40581749741718	0.59860737547
0.0822586625333198	0.248648648648649	2.96773661399085	0.00615864089970439	0.361043219085744	0.0467216183084244	0.379629215049847	0.13993549507891	0.759016631636769	1.22295100627723	0.382628769611068
0.0399863899083969	6.79041941328536	4.96313855248035	0.0120720720720721	0.126349058254886	0.0817551900715944	1.43637754822316	0.263414125024628	3.16252379259095	2.4581609052135	0.199465035806447
0.0554266966610602	13.8949205318063	4.25809979409985	0.00310457804218944	0.155255255255255	0.0499499499499499	1.74036946103275	0.15894772736646	4.89438182860613	3.63511616841458	0.120354353628185
0.0114209544948758	1.3245114105944	2.79953560324501	0.0107057057057057	0.078978978978979	0.012785426062575	1.33450338815838	0.0556743620967455	2.79721213970333	2.87559231131787	0.284185486564855
0.0849443528937106	19.2980758804038	5.93851002012631	0.0291193225538377	0.617986447042154	0.108071270855469	2.12776074813805	0.503888557516319	5.60238654632121	4.30716931762799	0.34016964108955
0.0872208645678502	0.427677677677678	4.30871850741403	0.0165465465465465	0.294020479527502	0.180626626011579	0.0343996068267525	0.392283558822346	1.01842837361619	0.693793793793794	0.258997034715805
0.0437053600516986	1.96046046046046	4.08299304260146	0.0342208158522781	0.103981056954557	0.0908030980097499	0.501507060026074	0.633912129594992	1.55064506595954	1.41785639432547	0.216525401407289
0.0476969549579201	5.65245397881452	3.15614832463953	0.0119991015848455	0.494810353581892	0.114775548210182	1.87247849745578	0.448735695088893	5.69820735417306	4.55654730697729	0.311362223640171
0.077813633415462	16.5699540892998	4.1261267578107	0.0105963968320157	0.602301932495961	0.0708817784457248	1.75474932185625	0.525636663717759	5.21681951731443	2.622808874494	0.439179179179179
0.0594954779006902	0.258458458458458	1.61813295054775	0.0288290661163123	0.462741778930521	0.117026447863221	0.412050457078953	0.503881351028452	1.21041902434081	0.87003785355043	0.734746873612809
0.0643678581200949	2.32991427643166	3.01914117020436	0.0123666921282248	0.610485934800214	0.108905410555295	1.55115298580298	0.297340331170029	4.60166049422696	2.08326693294914	0.73012651616027
0.0437193708064897	9.53893447722622	5.68571121293508	0.00454049042000203	0.263430417857362	0.0465030512226512	1.52313972760876	0.268497041510338	5.58488308731467	3.41210760175708	0.0659159159159159
0.0976789780304863	25.2885421403533	5.72154739788732	0.00563063063063063	0.155672199121633	0.0577177177177177	2.53100562175973	0.114548150559656	6.46025646850467	5.61241363899201	0.483813813813814
0.0452041678359423	2.115499611417	3.72208970751787	0.0176514241552192	0.741731836958013	0.0498298298298298	0.521522011353803	0.547662921119035	2.09591687982902	0.660367007742929	0.063953953953954
0.0702717205202242	6.58041693887484	4.30430112708285	0.00360193978058983	0.104804804804805	0.0328807317519608	1.74925449152752	0.0696517583936811	4.77514269156381	3.97150656213276	0.760464635598964
0.0474619755377525	6.10457312729345	4.14034513919088	0.00342485960645635	0.324801050860879	0.137348528753963	1.80946517468211	0.179076135302947	5.52981802914292	3.84399001160157	0.458396325577315
0.0530511968881982	0.159782304336177	3.0631946529376	0.0152402402402402	0.19984984984985	0.0403500370627446	0.321136547458073	0.0607749071027092	1.39634604565799	0.516833464220452	0.274268481642948
0.0294056186625735	13.0658999445956	2.7907385541953	0.0318728479187854	0.82423190942525	0.0888403642472317	1.96714125988617	0.765860745356453	5.89771533710882	3.93925462239776	0.242492492492492
0.0173751599248867	18.5919437366326	3.68989380731566	0.00630630630630631	0.436581397280256	0.0218018018018018	2.25826196621524	0.485105268446614	5.6097060656175	5.0060592392711	0.176959540424684
0.0169331908086283	13.8271494359784	3.28924777085588	0.0280895411138253	0.358757899516869	0.105337311959193	1.98136922935547	0.37491793593117	5.55010317498818	4.15411994400224	0.598643705110785
0.0334919946213901	6.52564288269819	4.41927492629106	0.00684684684684685	0.222891966877646	0.22706384711001	1.67481648583974	0.352511600568389	5.89877564366907	3.30685899017383	0.0411145382080985
0.0538882746524047	1.07267267267267	3.40044650633558	0.024104562426112	0.470788724538491	0.262938813477339	0.452993685148559	0.575579517109188	2.40423307195306	0.706156156156156	0.290922718584937
0.0752305306863588	0.231244177546959	1.06979989667292	0.0245989253694745	0.378381060986361	0.107805279758715	0.424997529899815	0.655412806227685	2.50871408870444	0.651001001001001	0.536378937897935
0.0510895093579119	0.7372672407279	4.15905419170301	0.0147270895378966	0.434449103473589	0.0165470329003861	0.444973514983959	0.472843385601167	0.833028157707304	1.71063516700367	0.584737488530521
0.0240421391943089	2.01465578005985	1.98616360491088	0.029683008119226	0.592457009174435	0.06923488081613	1.09555026866073	0.733786638536922	3.3232376887463	2.97881011238483	0.331345270643884
0.0492030571861218	5.82012018611708	3.7440031285738	0.0127777777777778	0.270896909051238	0.140957075936784	1.82276644938608	0.26879691658137	5.45641347020864	5.56665349624187	0.0963263263263263
0.064187158398351	0.110783367646799	1.21313050106175	0.0152702702702703	0.222395283706144	0.103359216835535	0.0377990594320825	0.330564964463766	1.33810923621058	0.691891891891892	0.48766623111322
0.0297782563953716	0.0833862710946211	1.85992665904875	0.0163663663663664	0.209443388330028	0.16525021249165	0.0241415680203803	0.376544956233546	0.918042552191764	0.0172132960881317	0.445522026640164
0.0740322917347269	20.8909161115296	4.27975217193815	0.0045992499527193	0.0535800708365778	0.253511358907626	1.91631071100958	0.0356823002429816	5.13450175989419	3.690549323796	0.602595114922082
0.0513117222564638	9.80635790495757	2.29072025292726	0.0254800692430501	0.881446272658236	0.160000857915761	1.43463940085539	0.569578085222925	4.07473079906777	2.93781107937413	1.2097908309429
0.0304820785975955	21.5406618552544	3.62470278484419	0.0374637183475886	0.192222639419858	0.036016016016016	2.36951119391203	0.255879971079672	6.33987175300717	5.03286259559317	0.334692920250727
0.0328037215787047	2.67624392787665	3.19929612974529	0.0166666666666667	0.642551627611534	0.0202802802802803	1.19616458793124	0.510004346696133	4.19362475397065	1.64235765440394	0.441489779270326
0.0526173408752296	14.0308145464537	3.0644141710322	0.0188092200393346	0.12645189131094	0.220570093529364	1.95295840289255	0.219407077134624	5.16567093972117	5.465494413664	0.325084027928409
0.0769661728292632	2.91459490538381	3.34975429210814	0.019955540265553	0.0666370602740228	0.127317901170127	0.882512742424935	0.18683985242101	2.05275844922289	2.78128739034834	0.368628099221539
0.0556306414366414	10.3726486947212	3.31111845196412	0.0185863257658698	0.529793050839775	0.0368505660831254	1.26578587745093	0.575107799070739	3.74151948420331	0.38946310425797	0.569660273363081
0.0849229500284344	1.21981981981982	3.80209087674781	0.0250811243474412	0.0154445316788317	0.211458484459477	1.50329273998066	0.36098599056853	3.9630106985569	2.53787964987676	0.494604604604605
0.082052420761005	8.26206425456018	3.16649825542942	0.00759334332149166	0.613936447624097	0.176376891325521	1.88839768712796	0.429615677560085	5.01948493951932	4.86683825010569	0.722968212426673
0.0437749165429509	4.38891860658181	4.16669583658546	0.00439923692652301	0.158408408408408	0.100807608727113	1.87711701464592	0.0222682998507185	5.51282671140507	3.82902614500135	0.379543818380224
0.0658669556434163	0.0401496373152328	3.6224756471629	0.0136936936936937	0.185912144371108	0.0699087858631649	0.431786029839918	0.146603265931126	1.48942411318421	0.613913913913914	0.228692665246678
0.0159669219099767	12.9204360016339	5.42152208733118	0.0211874580041469	0.576591752920572	0.0376318959478113	1.89841910067363	0.443659950823961	6.42687803693116	3.96887455700655	0.234089810159736
0.0533339216295509	2.57515067487248	4.29072982489672	0.0183933933933934	0.0720720720720721	0.313881086918112	0.759883012482745	0.0972181622615791	2.56434014905244	1.5683986688968	0.268784931388174
0.0952356087084429	0.0138331313736142	1.08919422349424	0.0103711507280457	0.180630630630631	0.0553614118413894	0.103255830960207	0.27467064464485	0.979523026850075	0.50430863357708	0.599276238334214
0.0540965495912931	13.3617749299892	4.69055504509985	0.0107657657657658	0.491822940127264	0.0528728728728729	1.639168507772	0.39789357862631	5.12294087326154	3.33359935636123	0.131641641641642
0.0448245479536852	5.73148744222161	3.56183281033666	0.0133783783783784	0.364744556199034	0.0265526232439605	0.810557789044068	0.274541214679185	2.78524688351899	1.77029977432395	0.4040465546838
0.012519178953304	9.99802085894158	2.89281032286588	0.00624624624624625	0.0993993993993994	0.0384767495122221	1.27425086781177	0.289368494015882	4.31969483755529	2.62337114861679	0.145931868167997
0.0381606373328121	10.5741873819485	3.29599941733248	0.00752252252252252	0.340396768888358	0.157809090711987	1.52585547311888	0.110630630630631	3.68908347422257	4.6869966869214	0.41706190697626
0.0108396370578881	20.0054945778824	4.63967083731324	0.00821472659812717	0.34403624856741	0.0214076247751552	2.51057668987802	0.0642441134359229	5.71762193180621	3.53708694558892	0.325846150977011
0.0817661723231422	1.4478978978979	2.84823331084206	0.00701201201201201	0.211043588433992	0.203704690774886	0.088038038038038	0.506211406238651	0.507444043643773	0.146024262435923	0.0720699692304533
0.0618270320438074	11.9190783499079	4.11335508947842	0.0316981416295304	0.699035922874047	0.0400974448289713	1.9034784700123	0.791230175623513	5.27235687756911	5.89069054420673	0.662468112540175
0.0469990225744646	0.67363360559932	3.63534843081859	0.0155703720520737	0.280745844795437	0.0201623378661647	0.812620124235075	0.292806945822787	3.1168764536269	2.51004665518486	0.101573669338461
0.0354799906552905	9.30204516208639	3.66154327076211	0.00710274971775889	0.220562967798653	0.0216416416416416	1.82511177227183	0.184744744744745	6.37981088738889	3.37024538845941	0.26021440179228
0.0222707376591769	19.6486249646539	7.480914197733	0.0172372372372372	0.0427716211247116	0.0931269815812168	2.37904994648116	0.357349644972652	6.42308986652642	4.67157172236828	0.278788788788789
0.0413733580523531	0.864214214214214	2.4527993391144	0.0139489489489489	0.0534790933560532	0.0939441557897045	0.186139751895813	0.127919253210163	1.29654770204797	0.896346346346346	0.727602043049065
0.000595138067268894	17.9264852827837	5.98639954014491	0.0143243243243243	0.630855401680598	0.0418618618618619	2.06605406577289	0.311222631731785	6.15502420207486	4.90777381868261	0.0199961683238282
0.0551575658772041	9.25170029883394	4.22882770107021	0.0112162162162162	1.22058987805904	0.127255776625672	1.3599720935048	0.984718079192291	5.07213178509846	2.29693921903062	0.070263928378396
0.0548510086169671	7.09510298826917	5.00320291669373	0.0426879110512752	0.686910900874067	0.10663812831406	2.01764547665845	1.01196652398415	6.11485628783703	4.2863439173	0.465175175175175
0.111286640083289	1.04348797086416	2.49976986239514	0.0158108108108108	0.102402402402402	0.448605833809705	0.273329410220637	0.300308084453025	1.70083048148081	0.985288815599744	1.11451348337375
0.0193907697976697	9.25734293566993	2.33566753284554	0.015960960960961	0.277761947692917	0.0298898898898899	1.99564072331803	0.560039993557774	5.6315349037759	4.1821757455401	0.290106327971268
0.0225437860565792	2.09534534534535	3.61332936711019	0.00252615197154133	0.174351379215213	0.0923811223753507	0.0637137137137137	0.0158858091990315	0.977795043028891	0.774624624624625	0.214909166395431
0.0308032130914486	0.952502502502503	1.5865804393597	0.0121771771771772	0.148053295118338	0.0389167240823003	0.514553361353245	0.218404964684128	2.88621529191732	1.35660156925854	0.280744333024946
0.0382758581702024	3.22640075042279	4.69411448544835	0.0141745206978142	0.453039912936477	0.0538840821770178	0.972186156950425	0.433844431114036	3.08555878559127	3.67253533861573	0.338628628628629
0.0528443799252044	17.6086849681626	4.98120634907549	0.0150482446239174	0.394698543641209	0.135338331981724	1.80765570168277	0.458306737225472	4.9951070821844	5.32211838233723	0.259068854217696
0.000454536228657008	3.05577816693258	2.49633612334057	0.0263904730274901	0.310720975264727	0.0356556556556556	0.650903893473597	0.435500606364608	2.76515734754503	0.316266266266266	0.637250164913125
0.0356522535238054	1.00074096622377	3.50140460411327	0.0111852989576291	0.480092889998313	0.0698084726912369	0.519708517660127	0.380000013923465	1.78949018241838	0.278228228228228	0.063953953953954
0.0427736198844825	13.6072147891646	6.17239650402081	0.0241712751346939	0.555016573892447	0.0416808212958232	1.79724261326406	0.64811218441842	5.15833527827635	2.85358810099063	0.385026670765362
0.104495311939701	0.16592029102252	1.29267195688728	0.0144973610597485	0.172881326871651	0.150016329861244	0.597909050328176	0.0231723314816622	1.4240491297096	0.769793854899229	0.80320732762007
0.0204283673198755	0.339763041569826	2.27527829353299	0.0153121416658863	0.161411411411411	0.0317203007547489	0.0773773773773774	0.466953140952667	1.20126898819581	0.526426426426426	0.724679819591553
0.02190342531969	22.2890323516499	4.91315587317851	0.0110810810810811	0.470310593703313	0.00647013672914768	2.1416214673852	0.277983429735687	5.98084540432319	4.34432345057068	0.117566977293448
0.0689889421575384	2.86080709015239	2.81907274057674	0.025293420685296	0.453651719322738	0.0713546471252803	1.04490341071145	0.321383564582254	4.05172950169072	1.84829222784114	0.175530976777342
0.053379905968008	8.70547034563625	3.94560118661301	0.0158864224534546	0.145284394944329	0.134629648913548	1.15113407349783	0.155555555555556	4.17670984426513	2.6529337436809	0.549838506401696
0.0376516329099867	16.3753450008586	4.17887552631898	0.0125117659480197	0.254386692604831	0.199037957735066	1.65297668187032	0.308235902562225	4.61489303829148	3.89150089375899	0.127837913685027
0.0477899194397762	0.180142801295243	4.38886799403211	0.0195045045045045	0.480492362373911	0.0657062690797122	0.35802377450969	0.598487105762414	1.1538676940836	1.15311667172474	0.324016266193931
0.0362728606383403	2.88301464266188	3.21881131977633	0.00459918897290027	0.51832819312183	0.15658438070134	0.493654646772375	0.323099902936354	1.67847039550543	0.862623545816713	0.528447968809144
0.0657154696136333	12.4246788493173	5.0100051508164	0.0183461550755766	0.112990585047093	0.102370047098267	2.05810280797931	0.13033033033033	6.49227398773655	1.3704482327484	0.27425962127996
0.0677989441443476	8.36494794337001	3.20360805841941	0.00848348348348348	0.375771289694255	0.208001687156854	1.25270405010939	0.470721189189071	2.73025533603504	5.01480374356298	0.174314314314314
0.0206134050577687	0.292426672309084	2.86994819258255	0.0134534534534535	0.519864201215931	0.0597197197197197	0.429766333147956	0.261191884280643	0.935163940303028	0.0665948418646179	0.20130688979401
0.0249688572056583	0.947597597597598	1.01448512005661	0.0284449339155248	0.393946891071076	0.0890408856794124	0.111498768097734	0.48837911940421	0.89687754958868	0.242092092092092	0.68438413595996
0.0751362381310093	6.51446843163314	2.16647089802394	0.00901968961536892	0.0220065627409823	0.328572717901867	1.76546373488569	0.099736387386192	5.74962579412386	3.21449289499752	0.139725691808094
0.0720806473041078	2.09044044044044	1.7530938465808	0.000389537303416413	0.186930333203842	0.147211788889026	0.447893892216504	0.094206703140838	1.11238403059542	1.75153611079824	0.220353193237477
0.0608057843451194	10.7461989461882	6.25055136253722	0.0264454860145279	0.640950143926395	0.128278723404344	2.17070299591347	0.788378310426512	6.22250067256391	4.20187071153553	0.163033033033033
0.0271094281979784	7.69672404159495	4.19095493650712	0.00923423423423423	0.472863328412115	0.0828642192057787	2.04200624485483	0.339046129900235	6.36354367807508	4.31180064762973	0.345965680205139
0.0951420125273143	2.83624385757551	1.1316148801944	0.0124430247830073	0.146464616461775	0.117275357424602	1.21574009622497	0.184901550099327	3.57386013353243	2.45760121229313	0.688258443123422
0.0224923538754455	20.0476354497782	2.97606087050105	0.00536557583897223	0.104093525200315	0.0212890133491887	1.46991169695688	0.251191054193561	3.59830627543852	3.4759124110886	0.25419816912379
0.0372203089677769	14.523083702164	4.81326604854607	0.0191591591591592	0.425814980368006	0.0415015015015015	1.89167775436197	0.511898856311668	5.13841721089557	3.90866791982801	0.0134441001574147
0.0467867867867868	17.6858780888108	4.41993054258074	0.0171621621621622	0.359709734380219	0.0802572100138394	2.0549505806495	0.614277169447149	5.54156519239768	4.46278647097647	0.177640939584526
0.037768633013928	14.1049146900977	4.82906241156859	0.022231524795984	0.457868030591817	0.0567167167167167	2.21262034074544	0.615897809677496	5.46146278455853	4.81683307219804	0.572247069958726
0.0698921227060785	0.967614827749518	4.24687409324488	0.0141057120715572	0.0536639662456297	0.120669436058415	0.268741584390657	0.118881890333565	1.38089509122074	0.423723723723724	0.646657231816517
0.0942180277298986	11.9298587911007	5.3741863534202	0.0256795130598321	0.719204112990789	0.210879670091057	1.38160872190758	0.591834611714925	5.04581449646503	3.93229469487065	0.51707997224661
0.0469667641811264	7.98079915938982	5.76445315593595	0.00272023211076639	0.104055173239865	0.0989025176895823	2.0231061641441	0.137899497549762	5.38201431324705	5.86848260050001	0.34000859811734
0.0104899642990708	4.47802097437545	4.29379246284048	0.035073933764985	0.628775988788227	0.0481481481481481	1.05398736997922	0.550085273158914	3.44661692017689	1.46771523920887	0.457817817817818
0.0545599524375808	0.954747333237917	1.61849267112395	0.0452305708311431	0.518014017868338	0.053993993993994	0.15123114915457	0.496771680511076	0.82976588467136	0.601534304834933	0.902126505809459
0.0492549961722716	25.8780131249324	4.12464553003497	0.0182432290089268	0.301860950122109	0.186629083633485	2.15473917470356	0.16619380077652	6.04170757811517	4.51065347672784	0.341667358355476
0.0836679868484195	0.300590491200359	0.258500451187742	0.0241893241376374	0.460989980495281	0.0680424637575882	0.0733721053201373	0.522078997072765	0.519047155510634	0.295241231100426	0.575985949176301
0.0466289215736958	0.732520121421037	2.78231411648962	0.0197599071947274	0.564421852449996	0.00987698037891391	0.679069227766026	0.301146279696853	2.04215095937252	0.776606167213097	0.553392495238574
0.0554107342094415	8.143848796107	3.78336050342195	0.00342121019584109	0.268809373111336	0.0519519519519519	1.73446246908858	0.138745107002848	4.90170740243047	3.58682027094009	0.0881242106008304
0.0229114887627763	11.5135639991228	4.33465895892099	0.0147560150578209	0.0348848120784737	0.00634914731365635	1.53379428952887	0.0545178360674592	4.37947633815929	3.34216300127885	0.138140525596957
0.0526736037554767	12.9506837979206	4.1471096041995	0.03648329325045	0.832489346207631	0.0326926926926927	1.88995671272106	0.96666984664428	4.94663121690974	3.65637093167886	0.644327577255233
0.0514432497228252	34.5852541284806	3.75638320803405	0.0024128738716699	0.164206305473894	0.0333733733733734	2.29087404556408	0.092888292457217	6.44295254768804	4.55514619330895	1.07930943974359
0.0425003261322842	8.58375507917973	3.62369164347264	0.0127537394253835	0.165947895326835	0.213349127602679	1.82777299889626	0.198528300873987	5.34368361160159	4.56592978277721	0.565867445248889
0.0383059235598194	9.07495404986864	3.74291324699158	0.0330719841019222	0.966808566386635	0.11760774066291	1.58557597566663	0.777235927801956	4.74650318687782	3.56419057215276	0.0845545545545545
0.0135673735255275	25.4765024697184	4.19944643007233	0.0141141141141141	0.539059504513687	0.00183047636775034	2.1841945276853	0.429997976460102	6.2518987772055	4.84805064719121	0.133826580765612
0.0466323482750811	5.21802451467682	2.17953246566541	0.0488357280138257	0.183079546927155	0.00840309073647086	1.19033458393082	0.481617626926543	3.94275144161656	0.57017017017017	0.903667950545228
0.0371228765206728	6.06553593180087	4.27025978022934	0.00564026435978456	0.372499671386741	0.18573359310506	0.706199856577895	0.165503277889769	2.493700300809	3.96909958776576	0.376000163427613
0.00930442009474894	0.736742341653442	4.44908864885871	0.0291154644017698	0.761488214332815	0.0483883883883884	0.781966414782707	0.765436932641718	3.14873661799356	1.19886692596189	0.0296623419109194
0.0618327409372912	0.631231231231231	4.39443348007342	0.0186543692917242	0.522857631523859	0.133926519533721	0.34279763812246	0.428259794922592	0.714689506683499	1.89444906943894	0.526059913518363
0.0757010474994809	3.74145849468423	2.88239744920383	0.0127950372061836	0.408327490538346	0.154241767511636	1.27677164747852	0.182494860900582	4.54254981968552	2.1465737876064	0.270120069804349
0.0999294066204569	6.94219419748919	4.24482842634201	0.0593915507504656	0.88569029613887	0.0737083232379505	1.09230894821734	1.06003902111208	3.30812019854784	1.69505467248226	0.677143215472459
0.0790900716053648	12.6041726985317	2.92801409056918	0.0247950841022806	0.393699490918082	0.143367719630496	1.73560683907507	0.651007160085796	5.73122083768249	3.40649550670058	0.615340073301628
0.0476866038579802	3.11192189808566	2.69399302207744	0.0214657052222907	0.161503097310308	0.115634076669656	0.795300833531241	0.335925753957071	1.81211354536936	1.59563906691297	0.461251251251251
0.0197575147813992	15.4944533068005	3.30447593651424	0.0150750750750751	0.18255288521132	0.0846832394971861	1.57537860583586	0.0340553121594398	4.14228335628286	3.76183200505104	0.298049726039621
0.0457094926334666	4.88238172128014	2.92521754032404	0.0317074953509459	0.612464524002838	0.0682163723527596	1.49337818206632	0.85113370970714	3.95974884741008	4.68043179580564	0.421019001745783
0.0377196347605174	0.0671166675082982	2.09657844250902	0.0203024907861736	0.2577773461286	0.0813985151545017	0.0731493566240069	0.446822377983594	1.23530744854361	0.166966966966967	0.632724354966966
0.035478571337697	1.1952952952953	3.98831307137153	0.00790028178832259	0.575660542804961	0.112160182175416	0.805690319422511	0.0851651651651652	2.98134719533846	2.12573351793757	0.484794794794795
0.0165553503161401	4.70904106933771	3.42229091238473	0.00351366235017505	0.451561013971879	0.0755914405710056	0.753824082552547	0.368457427017477	2.65098490612581	3.59281858956436	0.2072525001035
0.083691879114639	1.59958035446145	1.98689437149801	0.0439182668171751	1.02819388152692	0.0979421212003939	0.786736969066877	1.31000063352769	2.74966308102012	0.156558534301358	1.04841813119186
0.0420493539097244	0.0153804958471919	2.80162248344282	0.0184146909595214	0.194036805140526	0.0774919474867156	0.0601601601601602	0.0628042378566174	0.672527636867017	0.985735735735736	0.385583542685252
0.0279552924532244	10.2153527614205	4.54157716028381	0.0310314415548244	0.856295807810096	0.0938179139387377	1.82846857347001	0.651166646388173	4.15192720666528	4.19515201075137	0.717640248221612
0.0387956248381621	0.05	0.738283419125297	0.00515015015015015	0.195959089139591	0.091410986920705	0.508338347658948	0.259144806997538	1.75710703479126	2.72075803420385	0.243473473473473
0.0519101449053055	2.20570570570571	4.01771039477924	0.0414514561789158	0.53123926699226	0.147514201647725	0.446580795478211	0.662153795250904	0.65663229348138	0.71093133742351	0.62467651613506
0.0377942691096963	1.09130461262748	3.36016456940023	0.0168330212940867	0.322324732280859	0.0487087087087087	0.943845750580675	0.251117792620657	1.9560343711637	1.77080687926947	0.516077663647509
0.0660797240768023	0.552752752752753	2.8632610412699	0.0259035964946377	0.687531250253453	0.127134144188646	0.310015723586777	0.773206251972679	1.35824512690306	0.742421827942598	0.694930484444415
0.0849576739096709	1.30075075075075	3.10998076256464	0.00382591447646399	0.555820570754933	0.162983462106965	0.722684701755605	0.493029096770656	2.31695924606174	1.64005942129816	0.188268986536081
0.0805613597236137	0.456248034667123	3.44760324292717	0.00848064021403302	0.394485057026992	0.102756696973686	0.696371048309733	0.230027352646229	2.53071451559663	1.36589803951696	0.589265063348353
0.0048767487157647	8.90896889657169	3.39758141250121	0.0280928047936723	0.451711584947253	0.034974974974975	1.67582443093454	0.537256408652981	4.80902962945402	4.40475572294118	0.334821112980814
0.0334335410420149	7.78867891745946	4.16506600398805	0.00202066912427783	0.114518723107123	0.00611771723542689	2.01654309345839	0.150079655641778	6.29753208486363	5.36628134007294	0.117527328538508
0.0231286264518106	3.61520204443107	2.65821999244955	0.00980430184403855	0.339248893657756	0.0794945785238661	0.849727667449175	0.259007673322951	2.5327247264795	4.75809988014263	0.369039039039039
0.00594544414453877	9.03833489019415	4.30961568946606	0.0354208780885868	0.720615762692294	0.0171378811590127	1.95293891879286	0.610779857236443	6.28950166702271	5.18738505585501	0.450382226613758
0.0717059718721919	1.93348348348348	2.43688696228544	0.00302676334552048	0.0807807807807808	0.168950418858634	1.09725741083088	0.00994252527252719	3.8419162677601	2.65411817385193	0.390786140024623
0.0468945686206723	3.18972796861022	3.10132359140874	0.0149922736338681	0.241523750153575	0.10090353949141	1.17233075935435	0.281566808814766	4.05961308674887	3.53279143629648	0.550155660623
0.0800247393790596	6.45429540483558	4.28373420187914	0.0133350329644211	0.218980774931456	0.129660090122003	1.5527619556538	0.178966949402217	4.01031301636249	1.50554119934565	0.24964322122199
0.0596529818583338	2.10025025025025	2.55428634331571	0.0341999039975019	0.637782367474583	0.113800124885375	1.15581771091184	0.753090854576342	3.20468602422625	1.66845820939153	0.656527663951981
0.0874773271577231	0.0886254810969669	0.731350890533527	0.0315425353264938	0.308198243250967	0.177557119535069	0.076754765411839	0.566443418178616	1.04902765946463	1.33108460085356	1.33414020065682
0.0405589425901219	29.2451647791612	5.70676376288194	0.0285075510893999	0.814750586028356	0.0392585218338715	2.53614484174044	0.448492480516557	6.27602901495993	5.0630571170487	0.121831831831832
0.0789981521700343	15.4692903419766	4.12775054954054	0.00496470154091785	0.09754094117095	0.0240141868759996	1.91644638858911	0.302696327170288	5.62884023366496	3.91913458337182	0.897147648281298
0.0494894894894895	0.464616346874729	1.56520329937907	0.0236663819325658	0.609329682378641	0.0568459307490665	0.117539835587646	0.518464524739211	1.41210709279403	0.51482145185006	0.570354567841302
0.0567680242268092	2.46087710716122	3.69449324270916	0.0163928783418323	0.102670838525692	0.123141071458953	1.94621217278952	0.254747264511156	5.3207939597778	4.21755499058994	0.436895415553871
0.0605083230593469	8.54419263566669	4.09326574267263	0.0018424811144634	0.0633936233234933	0.0924470532318117	2.06116565050716	0.136870645713576	6.2647299580276	3.74600318314779	0.263857439036304
0.0739515677408291	3.50115153228675	4.18635928151763	0.00983023286504134	0.654237439367206	0.0744118610253689	0.797830921826615	0.691263981758697	2.46736031398177	1.68833337931938	0.763428473540758
0.0180427860704008	6.96502184658118	4.8364673764696	0.0174708467367553	0.252214815881116	0.0305755506625626	1.90404426583327	0.181177808898662	4.87528580939397	2.93793074956973	0.332349712413031
0.0354266173979873	0.925525525525526	3.57948007712323	0.000439919354447409	0.154054054054054	0.127643532195763	0.932727336788758	0.0588109118974863	3.09737675916404	2.52025441235961	0.308736929271196
0.0554528791538641	0.978798231704562	2.27517601980379	0.0217560941778272	0.23654113005129	0.209775845840704	1.422531563298	0.500406295168431	4.11057370575145	2.70171763480272	0.970724582043005
0.0623461397704418	5.05949256493799	2.87144466577238	0.0154974057172676	0.546967267613387	0.125235937239329	1.59242635838534	0.667727180782426	4.82148152636364	3.25438105451693	0.672309897469241
0.0537751180984472	1.26211283212205	3.04630817178971	0.0184084084084084	0.418280352426774	0.0373834382753339	0.575208858751017	0.435236272205694	2.42792263394222	0.957496905732602	0.35456788418089
0.000467518329875044	0.220830784241973	1.87501153406123	0.0269303425219811	0.270207338614055	0.048988988988989	0.0819854462163527	0.479504222098976	0.657509660813957	0.601551551551552	0.626592541798887
0.0645068831471086	13.929514728076	5.06565551707487	0.0180780780780781	0.316246136236421	0.10617002960514	2.14869209881866	0.478448004037709	5.576428827364	4.92210218906437	0.220961922992358
0.0356895959142973	0.447297297297297	3.21769929703786	0.0155105105105105	0.0621621621621622	0.126230878125897	0.0702702702702703	0.0697160370884552	0.684887556359172	0.263325080525302	0.109989541280751
0.0361733389535372	3.72194666358229	3.52128735891785	0.0224317719716155	0.144863888166088	0.0522722722722723	1.93566359558637	0.370096632830038	5.95090553397313	4.17335346564831	0.440948028691322
0.00236539019381103	1.45035035035035	3.99058269508604	0.00200293652351019	0.0630706448411906	0.05271042155546	1.04874002965448	0.168084235087728	3.29027266521007	2.11316827770782	0.24010202612483
0.0497480979442098	16.3610340696004	5.80116146011381	0.00117806092614458	0.0707207207207207	0.111141391088198	2.27728862025429	0.159701067007476	6.04020636668429	4.36548561144928	0.302332332332332
0.0242042042042042	0.819238825941904	2.7360175362353	0.0214760864550977	0.333350971209999	0.141721793150772	0.305795836581061	0.554651813431893	0.701753107830882	1.53313106474229	0.18257600826801
0.0382978621506646	1.95024327874418	5.14674668934968	0.0046067677308251	0.492590885108965	0.0976726909530017	0.545321329763894	0.335497864311731	1.84009597171098	0.174180308852698	0.0263425521680027
0.0348087785980797	4.85295410775993	2.96706898385447	0.00540732140898084	0.37916347559181	0.0571826282108088	1.23864787352822	0.218677408675236	3.06324541894719	4.22213104802714	0.0774409048437562
0.0970789353931669	2.37247247247247	2.62207073706983	0.0252674891095943	0.141141141141141	0.160137338020417	0.136962400279849	0.140052732503847	1.40574773028493	0.589189189189189	0.702093920866802
0.101572410899258	2.85884999394193	3.55730153133741	0.00293118888631278	0.43747504626796	0.10611195585958	0.970097812207686	0.146546546546547	2.79925674153492	0.133112389916141	0.687775898104598
0.0252970105521403	0.197147147147147	4.07304828780747	0.0124311576127004	0.188447034966484	0.116326468779775	1.31356166907532	0.289333959366286	3.90284878388047	5.37710337810869	0.124055299503253
0.0624258658225469	0.177861361653214	3.08025487040135	0.0205574439060999	0.511040792416769	0.0722199214007914	0.414154267894092	0.509538596420246	1.32423570146784	0.600600600600601	0.618642337970289
0.0875708233608225	11.5248276982831	3.95629699831365	0.0300523578616723	0.892773804481909	0.161757322144726	1.65213302045604	0.710672460806361	4.52218278544024	4.03707903033611	0.214839506188129
0.0400492541190259	18.3020022839396	5.5851344194791	0.00316411425113672	0.596460258195327	0.0788301720724713	2.30501732923673	0.31467705579005	6.30884821852669	3.74357524956679	0.219650608547234
0.035975975975976	1.27311451192179	3.03344679965755	0.00343425694674222	0.083622426964802	0.203171136024297	1.16033679123387	0.0553681912729601	2.79012441914529	2.22290500791389	0.299189589338658
0.044328514276975	1.22437101490589	3.51045087295733	0.0299132646189486	1.00761370784055	0.0482902502013948	0.144839165716632	0.997033514104496	1.55455835163593	0.404558286691006	0.74366420720456
0.0742419862589759	29.5776514939191	3.88416360591847	0.0011068729962674	0.142942942942943	0.282155005278119	2.28659468708268	0.0444031852646794	6.1743225492537	4.66512094411547	0.545264974440428
0.0409703052439882	1.31301301301301	4.55077918045167	0.00906906906906907	0.24013706684917	0.0512813968910277	0.848299089900077	0.0109953468728443	2.90071762865409	2.95540548146705	0.54409967569588
0.156437333295697	0.0037537001257211	2.60789116016568	0.0260006505222109	0.474281288611629	0.33083520251408	0.0971971971971972	0.566477491821716	0.848861588165164	0.439121693978736	0.874113952534869
0.0720019198218874	0.945145145145145	2.80007763997641	0.0261502843570012	0.83351001175886	0.126165127926551	0.205500482121194	0.496954210401652	1.3349499697797	0.274401057977638	0.425315934226874
0.0546574599792889	21.1987240738628	5.43325970771969	0.0217597572483581	0.566132437038272	0.322086031165827	2.02412576484525	0.487197280141181	6.07433643005788	2.91563210123208	0.272176279930989
0.0147839739312768	7.25393624760091	2.81013092165363	0.0105705705705706	0.182282282282282	0.0566101953989575	1.56540612143865	0.063083360575172	5.18785538850352	3.33599153749576	0.147595659091819
0.0569129664933813	19.0753044200288	4.93887953991911	0.0263481414877491	0.338916123075409	0.0573004253107568	1.87376059129527	0.31425120647387	5.68065799027681	5.02400499109603	0.241757174550216
0.0248678564195342	15.1762426272441	4.14073946860006	0.0626450376328841	1.43454549778544	0.111625942892688	1.69730618098793	1.15041924210666	5.21134372474626	4.69702991281742	0.461203033079158
0.0503789513025028	0.439202081028158	3.33271298586641	0.0238397046307489	0.500729165173819	0.107113919031878	0.0822833828805453	0.570310936298369	0.506441224366426	0.841043531893157	0.620731266838971
0.0423755483567875	10.6998628217914	5.94966927570352	0.00111964260188679	0.275912790208594	0.0187223725796971	1.69718566435209	0.103849869125877	4.25356985954568	4.12331125410702	0.023897378645478
0.033887544747309	0.921644278939549	4.20536514810169	0.0098948948948949	0.214881931117458	0.0551551551551551	0.704387046927503	0.296946173604976	2.33791622240096	0.57315696609242	0.198229188837021
0.00921762942937616	2.46916821996833	4.51073076318736	0.0176140428560575	0.106241372584883	0.0734638126334028	1.80969535536263	0.249013570031124	5.94959571352229	4.0090250754328	0.441262762506116
0.0664737902750231	2.12722722722723	3.79227859445187	0.00582582582582583	0.0793555040693732	0.0957806720985845	0.44995576401842	0.0364352980139012	1.61778762098402	0.967310948953304	0.13833400010383
0.0860273542515756	3.35535666310092	1.37671715009608	0.0140667365282691	0.0547477704631218	0.363162986420347	0.98003803674876	0.340855583987592	3.11630553845316	2.43380706228117	0.828379095210541
0.0551825455677821	4.71611954055781	3.89893002033215	0.0323300427731834	0.78186486780462	0.0153158368808881	1.31665078192144	0.815234335482564	4.09884426323697	1.38609337985082	0.350890890890891
0.127440691871712	3.45459526201207	3.52840336439573	0.0447495346843744	1.29356723780104	0.204397394089577	1.14928558975109	1.09349624624926	2.69869741750881	1.77326676503982	1.1180722926711
0.0757846280740269	3.62489189898713	2.476373644051	0.0091338663943637	0.172522522522523	0.141326780875784	1.19032992478129	0.0206178490417432	4.17123913113028	1.71455393146619	0.946101025473107
0.0532272127271742	1.08983983983984	3.51429528890723	0.0207380598408159	0.725026808261604	0.218284819122638	0.373346134527249	0.369521502904082	1.60227115778252	1.96121023822938	0.822674775317005
0.0419923625101814	17.5635596448228	4.25757768628016	0.0231110311732568	0.717047616035827	0.023319867668172	2.02501555034452	0.536230914455936	5.82843636209145	5.13804549207378	0.132622622622623
0.00265257104465546	0.393323419036633	4.71024372201924	0.00213492224762516	0.478237409294837	0.0310910910910911	0.544838955550002	0.163003003003003	2.24887299491093	3.28800260995566	0.23967811558896
0.0531912537992031	1.92367367367367	2.50554259254629	0.021820532572781	0.0261298725321881	0.0900736604761558	0.631514126063071	0.461017390633248	2.35570021113381	1.96289250130656	0.700104337866528
0.0235361410968869	4.50774357801565	3.22803287506924	0.00719219219219219	0.463091482899121	0.0276876876876877	0.93488784018071	0.301027624594846	3.18130371067673	1.62247408803344	0.424538947912192
0.058321025500646	2.19170786064949	3.84075465457659	0.0187687687687688	0.322302429887661	0.0910418966798165	0.796395943644039	0.293333733595808	2.70654380368069	2.26813781801698	0.974551252186985
0.0104174718763551	4.99542091692844	3.22913024795471	0.0146979061665144	0.191055847496984	0.0273579608377105	1.37767295906698	0.0315401005484052	4.28136423509568	2.9399892100625	0.593978827787595
0.0507655884602382	2.54897087469174	1.90630686201627	0.0126494690335193	0.267668148400678	0.0750909165112188	0.614874801734887	0.386046699425029	2.1766484011896	0.532959356927747	0.251811811811812
0.0420537877850044	0.199277253191263	1.62191687225797	0.0403464487293273	0.828611492078859	0.0897673742946078	0.840282228724428	0.868096056619421	3.09480320336297	1.66806799137066	0.48555513151735
0.0477780916691333	11.9726074364509	5.79959443006327	0.00362175824032118	0.0242863717887752	0.29382265101323	1.37222641283081	0.0869346991690554	4.02996630221605	2.80149264055091	0.318518518518518
